AAAAAAAAA	0.889888587421529	0.814387426665126	0.733167851830115	0.884257333942834	0.756440021218084	0.890847029562402	0.716606782147066	0.770490423203268	0.779273318700152	0.762361855626217	0.819204570947309	0.736065289084097	0.882715764280532	0.87713763387725	0.787287385728021	0.902804737721272	0.746834331109182
BBBBBBBBB	0.871321180089988	0.891431654775338	0.856587974854864	0.857363759580215	0.869680817545953	0.884570713675982	0.861756398128433	0.906066904533925	0.849208940612088	0.847607837349632	0.883028311102243	0.817754435559513	0.906147006583459	0.844997065159977	0.888220874883747	0.853807833431839
CCCCCCCCC	0.818240059242900	0.866879148134052	0.783907509494521	0.869033713774926	0.832480442453837	0.776405247848048	0.820560723908339	0.776590587173249	0.782499433733127	0.826299331819813	0.886337036675115	0.881378899040458	0.784326648428222	0.88886947411988	0.771996359044809
DDDDDDDDD	0.891061450865796	0.772753369000735	0.891111290965531	0.741390046852269	0.783233196855304	0.774026939802272	0.781993362470119	0.832079073907888	0.738983931705191	0.898024861150638	0.879722502133164	0.802825873321956	0.904126640227136	0.766939858276284
EEEEEEEEE	0.862601543911231	0.866597017600736	0.885341391791521	0.856077983443491	0.906505515001044	0.853995150331284	0.822214487912537	0.889796423514324	0.86175916085832 0.871217554896965	0.844753830122338	0.870081520100725	0.858326519111598
FFFFFFFFF	0.863297817940982	0.776042400216598	0.670303055999078	0.803482954672726	0.694433886006594	0.79854885926436 0.771857438016788	0.864851412963774	0.863027515895777	0.742945076211497	0.888790844088974	0.694115753069110
GGGGGGGGG	0.891192704708652	0.850835403528059	0.903130427845182	0.858695457472310	0.83276337659708 0.895890722904279	0.860885000818974	0.891667703513382	0.851584479040526	0.887359426000349	0.863113378838322
HHHHHHHHH	0.792373154523439	0.793322917044549	0.789608342533961	0.823231509184194	0.756040943579177	0.889463991324084	0.880414329891371	0.807566317303055	0.900555244467204	0.774939722547000
IIIIIIIII	0.817281640753254	0.697600066447873	0.789703367241289	0.788176845132914	0.862754619174862	0.857294657586734	0.732341684894133	0.881768314467513	0.711382497750268
JJJJJJJJJ	0.805059700972179	0.849784947775401	0.759128276877694	0.910705450360254	0.903776305032939	0.835073564384733	0.92411765576319	0.795268061160435
KKKKKKKKK	0.789661098180185	0.767981985170805	0.858654401618607	0.866721618996339	0.731898212489767	0.886964863639108	0.658860933838988
LLLLLLLLL	0.830736961894318	0.834529915165895	0.842278436306690	0.761675719825807	0.857366756595936	0.782491905068032
MMMMMMMMM	0.891422659839055	0.882168496524556	0.797495993162518	0.907673052003260	0.769174373773856
NNNNNNNNN	0.890629114864178	0.839774567141139	0.886355133918394	0.860725579036936
OOOOOOOOO	0.833683010532827	0.888079908801513	0.862331941120550
PPPPPPPPP	0.867332500133197	0.736661225461050
QQQQQQQQQ	0.888946430263070
RRRRRRRRR	